% Intrinsic and Extrinsic Camera Parameters
%
% This script file can be directly executed under Matlab to recover the camera intrinsic and extrinsic parameters.
% IMPORTANT: This file contains neither the structure of the calibration objects nor the image coordinates of the calibration points.
%            All those complementary variables are saved in the complete matlab data file Calib_Results.mat.
% For more information regarding the calibration model visit http://www.vision.caltech.edu/bouguetj/calib_doc/


%-- Focal length:
fc = [ 606.909649863209097 ; 606.161507189627287 ];

%-- Principal point:
cc = [ 312.070668018698427 ; 231.994877229425896 ];

%-- Skew coefficient:
alpha_c = 0.000000000000000;

%-- Distortion coefficients:
kc = [ 0.123876991636229 ; -0.139744830407497 ; 0.001829407315180 ; -0.004394150159800 ; 0.000000000000000 ];

%-- Focal length uncertainty:
fc_error = [ 1.768896888942393 ; 1.700522768808265 ];

%-- Principal point uncertainty:
cc_error = [ 1.750360724117747 ; 1.420781442835046 ];

%-- Skew coefficient uncertainty:
alpha_c_error = 0.000000000000000;

%-- Distortion coefficients uncertainty:
kc_error = [ 0.008421053325179 ; 0.037117414381477 ; 0.000991571609629 ; 0.001275086572419 ; 0.000000000000000 ];

%-- Image size:
nx = 640;
ny = 480;


%-- Various other variables (may be ignored if you do not use the Matlab Calibration Toolbox):
%-- Those variables are used to control which intrinsic parameters should be optimized

n_ima = 54;						% Number of calibration images
est_fc = [ 1 ; 1 ];					% Estimation indicator of the two focal variables
est_aspect_ratio = 1;				% Estimation indicator of the aspect ratio fc(2)/fc(1)
center_optim = 1;					% Estimation indicator of the principal point
est_alpha = 0;						% Estimation indicator of the skew coefficient
est_dist = [ 1 ; 1 ; 1 ; 1 ; 0 ];	% Estimation indicator of the distortion coefficients


%-- Extrinsic parameters:
%-- The rotation (omc_kk) and the translation (Tc_kk) vectors for every calibration image and their uncertainties

%-- Image #1:
omc_1 = [ 2.318258e+00 ; 1.740305e+00 ; -2.358596e-01 ];
Tc_1  = [ -6.650308e+01 ; -3.110564e+01 ; 2.302668e+02 ];
omc_error_1 = [ 3.137356e-03 ; 2.835294e-03 ; 5.899786e-03 ];
Tc_error_1  = [ 6.688498e-01 ; 5.404544e-01 ; 7.637434e-01 ];

%-- Image #2:
omc_2 = [ 2.322686e+00 ; 1.738174e+00 ; -2.313241e-01 ];
Tc_2  = [ -6.240322e+01 ; -3.084272e+01 ; 2.304862e+02 ];
omc_error_2 = [ 3.180328e-03 ; 2.807983e-03 ; 5.942432e-03 ];
Tc_error_2  = [ 6.695736e-01 ; 5.398253e-01 ; 7.609047e-01 ];

%-- Image #3:
omc_3 = [ 2.297692e+00 ; 1.742110e+00 ; -1.358756e-01 ];
Tc_3  = [ -6.118820e+01 ; -3.630075e+01 ; 2.258658e+02 ];
omc_error_3 = [ 3.156015e-03 ; 2.827300e-03 ; 5.811980e-03 ];
Tc_error_3  = [ 6.583642e-01 ; 5.293286e-01 ; 7.580462e-01 ];

%-- Image #4:
omc_4 = [ 2.287832e+00 ; 1.719329e+00 ; -2.782583e-02 ];
Tc_4  = [ -6.731261e+01 ; -4.133676e+01 ; 2.175506e+02 ];
omc_error_4 = [ 3.075616e-03 ; 2.825733e-03 ; 5.605909e-03 ];
Tc_error_4  = [ 6.381682e-01 ; 5.127544e-01 ; 7.516907e-01 ];

%-- Image #5:
omc_5 = [ 2.262243e+00 ; 1.700960e+00 ; -2.171050e-02 ];
Tc_5  = [ -7.416700e+01 ; -3.614532e+01 ; 2.119369e+02 ];
omc_error_5 = [ 2.991023e-03 ; 2.795240e-03 ; 5.435236e-03 ];
Tc_error_5  = [ 6.227185e-01 ; 5.021113e-01 ; 7.401489e-01 ];

%-- Image #6:
omc_6 = [ 2.200499e+00 ; 1.691339e+00 ; 9.601987e-04 ];
Tc_6  = [ -7.514593e+01 ; -2.275639e+01 ; 2.119614e+02 ];
omc_error_6 = [ 3.054494e-03 ; 2.775239e-03 ; 5.417273e-03 ];
Tc_error_6  = [ 6.240899e-01 ; 5.044428e-01 ; 7.413687e-01 ];

%-- Image #7:
omc_7 = [ 2.196123e+00 ; 1.670262e+00 ; 7.676922e-02 ];
Tc_7  = [ -7.547397e+01 ; -3.680026e+01 ; 2.057715e+02 ];
omc_error_7 = [ 2.900243e-03 ; 2.734010e-03 ; 5.084114e-03 ];
Tc_error_7  = [ 6.089782e-01 ; 4.894698e-01 ; 7.305819e-01 ];

%-- Image #8:
omc_8 = [ 2.239398e+00 ; 1.707389e+00 ; -4.269558e-02 ];
Tc_8  = [ -6.518693e+01 ; -3.397298e+01 ; 2.206862e+02 ];
omc_error_8 = [ 3.072341e-03 ; 2.791323e-03 ; 5.500533e-03 ];
Tc_error_8  = [ 6.455251e-01 ; 5.194626e-01 ; 7.546496e-01 ];

%-- Image #9:
omc_9 = [ 2.377020e+00 ; 1.848222e+00 ; 7.275011e-02 ];
Tc_9  = [ -6.402568e+01 ; -6.424784e+01 ; 2.216512e+02 ];
omc_error_9 = [ 3.424436e-03 ; 3.231427e-03 ; 6.556174e-03 ];
Tc_error_9  = [ 6.574619e-01 ; 5.266171e-01 ; 7.938172e-01 ];

%-- Image #10:
omc_10 = [ 2.281601e+00 ; 1.869082e+00 ; 5.783770e-02 ];
Tc_10  = [ -8.264954e+01 ; -2.671422e+01 ; 2.319501e+02 ];
omc_error_10 = [ 3.881860e-03 ; 3.587820e-03 ; 7.765360e-03 ];
Tc_error_10  = [ 6.855663e-01 ; 5.561709e-01 ; 8.546499e-01 ];

%-- Image #11:
omc_11 = [ 2.326549e+00 ; 1.899658e+00 ; 7.977138e-02 ];
Tc_11  = [ -7.781749e+01 ; -3.833672e+01 ; 2.345609e+02 ];
omc_error_11 = [ 3.928642e-03 ; 3.628959e-03 ; 8.057294e-03 ];
Tc_error_11  = [ 6.924194e-01 ; 5.606955e-01 ; 8.597966e-01 ];

%-- Image #12:
omc_12 = [ -2.414441e+00 ; -1.974305e+00 ; -1.981291e-01 ];
Tc_12  = [ -7.525937e+01 ; -6.916301e+01 ; 2.306098e+02 ];
omc_error_12 = [ 4.639747e-03 ; 3.445266e-03 ; 8.724494e-03 ];
Tc_error_12  = [ 6.894243e-01 ; 5.598389e-01 ; 8.723990e-01 ];

%-- Image #13:
omc_13 = [ 2.342617e+00 ; 1.952833e+00 ; 1.404958e-01 ];
Tc_13  = [ -8.285492e+01 ; -4.708715e+01 ; 2.406753e+02 ];
omc_error_13 = [ 4.160429e-03 ; 4.024050e-03 ; 9.026348e-03 ];
Tc_error_13  = [ 7.142362e-01 ; 5.793464e-01 ; 9.074109e-01 ];

%-- Image #14:
omc_14 = [ 2.379279e+00 ; 1.978678e+00 ; 2.092035e-01 ];
Tc_14  = [ -8.535692e+01 ; -5.469884e+01 ; 2.362959e+02 ];
omc_error_14 = [ 4.123446e-03 ; 4.052708e-03 ; 9.327923e-03 ];
Tc_error_14  = [ 7.058240e-01 ; 5.739990e-01 ; 9.086838e-01 ];

%-- Image #15:
omc_15 = [ 2.326648e+00 ; 1.882551e+00 ; 8.388612e-03 ];
Tc_15  = [ -7.695912e+01 ; -3.739797e+01 ; 2.510252e+02 ];
omc_error_15 = [ 4.198758e-03 ; 3.868890e-03 ; 8.491856e-03 ];
Tc_error_15  = [ 7.361201e-01 ; 5.966500e-01 ; 9.096564e-01 ];

%-- Image #16:
omc_16 = [ 2.233757e+00 ; 1.811665e+00 ; -1.614263e-01 ];
Tc_16  = [ -6.974734e+01 ; -1.684473e+01 ; 2.634269e+02 ];
omc_error_16 = [ 4.055887e-03 ; 3.619483e-03 ; 7.539288e-03 ];
Tc_error_16  = [ 7.649018e-01 ; 6.234120e-01 ; 9.118830e-01 ];

%-- Image #17:
omc_17 = [ 2.187806e+00 ; 1.749370e+00 ; -3.179143e-01 ];
Tc_17  = [ -5.760006e+01 ; -1.191110e+01 ; 2.746426e+02 ];
omc_error_17 = [ 3.652571e-03 ; 3.252048e-03 ; 6.578772e-03 ];
Tc_error_17  = [ 7.935572e-01 ; 6.466950e-01 ; 9.004147e-01 ];

%-- Image #18:
omc_18 = [ 2.163239e+00 ; 1.755077e+00 ; -3.748607e-01 ];
Tc_18  = [ -4.894185e+01 ; -1.340105e+01 ; 2.774333e+02 ];
omc_error_18 = [ 3.492427e-03 ; 3.132718e-03 ; 6.299514e-03 ];
Tc_error_18  = [ 8.013448e-01 ; 6.508144e-01 ; 8.889373e-01 ];

%-- Image #19:
omc_19 = [ 2.138845e+00 ; 1.699555e+00 ; -4.516473e-01 ];
Tc_19  = [ -3.786247e+01 ; -5.674142e+00 ; 2.799329e+02 ];
omc_error_19 = [ 3.352470e-03 ; 2.910835e-03 ; 5.925720e-03 ];
Tc_error_19  = [ 8.091509e-01 ; 6.559378e-01 ; 8.761317e-01 ];

%-- Image #20:
omc_20 = [ 2.154435e+00 ; 1.749108e+00 ; -3.582149e-01 ];
Tc_20  = [ -4.797941e+01 ; -1.979502e+01 ; 2.807263e+02 ];
omc_error_20 = [ 3.401890e-03 ; 3.140720e-03 ; 6.166462e-03 ];
Tc_error_20  = [ 8.114048e-01 ; 6.572023e-01 ; 9.017715e-01 ];

%-- Image #21:
omc_21 = [ 2.163195e+00 ; 1.758219e+00 ; -3.880751e-01 ];
Tc_21  = [ -4.045009e+01 ; -2.012543e+01 ; 2.804704e+02 ];
omc_error_21 = [ 3.406080e-03 ; 3.069736e-03 ; 6.183107e-03 ];
Tc_error_21  = [ 8.112665e-01 ; 6.549663e-01 ; 8.910910e-01 ];

%-- Image #22:
omc_22 = [ 2.286150e+00 ; 1.856303e+00 ; -4.151762e-01 ];
Tc_22  = [ -4.590658e+01 ; -2.193182e+01 ; 2.886561e+02 ];
omc_error_22 = [ 4.133047e-03 ; 3.448573e-03 ; 7.761140e-03 ];
Tc_error_22  = [ 8.347193e-01 ; 6.748781e-01 ; 9.191905e-01 ];

%-- Image #23:
omc_23 = [ 2.358987e+00 ; 1.940419e+00 ; -5.055014e-01 ];
Tc_23  = [ -4.344169e+01 ; -3.050221e+01 ; 2.924018e+02 ];
omc_error_23 = [ 4.182585e-03 ; 3.404422e-03 ; 8.168883e-03 ];
Tc_error_23  = [ 8.482200e-01 ; 6.817947e-01 ; 8.917584e-01 ];

%-- Image #24:
